迷宫如下：
1 1 1 1 1 1 
1 0 0 0 1 1 
1 0 1 0 0 1 
1 0 0 0 1 1 
1 1 0 0 0 1 
1 1 0 1 0 1 
1 1 1 1 1 1 
起点为: (1,1)
终点为: (5,4)

使用递归求迷宫所有路径：
计算消耗时间: 0.0111203s
该方法求得迷宫路径个数为：4
第1条迷宫路径如下: 
(1,1)-->(1,2)-->(1,3)-->(2,3)-->(3,3)-->(4,3)-->(4,4)-->(5,4)-->final
第2条迷宫路径如下: 
(1,1)-->(1,2)-->(1,3)-->(2,3)-->(3,3)-->(3,2)-->(4,2)-->(4,3)-->(4,4)-->(5,4)-->final
第3条迷宫路径如下: 
(1,1)-->(2,1)-->(3,1)-->(3,2)-->(3,3)-->(4,3)-->(4,4)-->(5,4)-->final
第4条迷宫路径如下: 
(1,1)-->(2,1)-->(3,1)-->(3,2)-->(4,2)-->(4,3)-->(4,4)-->(5,4)-->final

